49 20 6B 6E 6F 77 20 79 6F 75 20 63 61 6E 20 72 65 61 64 20 74 68 69 73 2C 20 73 6F 20 74 61 6B 
65 20 68 65 65 64 2E 0A 0A 4D 79 20 6E 61 6D 65 20 69 73 20 4D 69 6B 27 72 61 2C 20 70 61 72 74 
20 6F 66 20 74 68 65 20 72 65 73 65 61 72 63 68 20 26 20 64 65 76 65 6C 6F 70 6D 65 6E 74 20 74 
65 61 6D 20 69 6E 20 73 65 61 72 63 68 20 6F 66 20 44 65 6C 74 61 73 63 61 70 65 20 56 35 2E 30 
2E 20 54 6F 20 70 75 74 20 69 74 20 62 6C 75 6E 74 6C 79 2C 20 49 20 66 6F 75 6E 64 20 69 74 21 
20 42 75 74 2C 20 69 74 27 73 20 6E 6F 74 68 69 6E 67 20 74 68 61 74 20 49 20 70 69 63 74 75 72 
65 20 69 74 20 77 6F 75 6C 64 20 62 65 20 6C 69 6B 65 2E 20 49 74 2E 2E 2E 20 73 6D 65 6C 6C 73 
20 6C 69 6B 65 20 63 6F 75 67 68 20 64 72 6F 70 73 2E 2E 2E 2E 0A 0A 42 75 74 2C 20 72 69 67 68 
74 20 74 6F 20 74 68 65 20 6D 61 74 74 65 72 21 20 49 20 68 61 76 65 20 61 20 74 61 73 6B 20 66 
6F 72 20 79 6F 75 2E 20 57 68 69 6C 65 20 49 20 77 61 73 20 62 75 6D 62 6C 69 6E 67 20 61 72 6F 
75 6E 64 20 69 6E 20 74 68 65 20 44 65 6C 74 61 73 63 61 70 65 2C 20 49 20 63 61 6D 65 20 61 63 
72 6F 73 73 20 73 6F 6D 65 74 68 69 6E 67 2E 0A 0A 54 68 65 20 69 6E 69 74 69 61 6C 20 65 6E 63 
72 79 70 74 69 6F 6E 20 6D 65 74 68 6F 64 20 69 73 20 66 61 69 72 6C 79 20 70 72 69 6D 69 74 69 
76 65 20 74 68 61 74 20 65 76 65 6E 20 61 20 72 6F 74 74 65 6E 20 31 33 2D 79 65 61 72 2D 6F 6C 
64 20 63 61 6E 20 64 65 63 72 79 70 74 20 69 74 2E 20 54 68 65 20 6E 65 78 74 20 65 6E 63 72 79 
70 74 69 6F 6E 20 6D 65 74 68 6F 64 20 69 73 20 61 20 6C 69 74 74 6C 65 20 74 72 69 63 6B 69 65 
72 2E 20 42 75 74 2C 20 69 66 20 79 6F 75 27 76 65 20 6D 61 64 65 20 69 74 20 74 68 69 73 20 66 
61 72 2C 20 49 20 74 72 75 73 74 20 79 6F 75 20 6B 6E 6F 77 20 77 68 61 74 20 74 6F 20 64 6F 2E 
20 54 68 65 20 63 6C 75 65 73 20 61 72 65 20 68 65 72 65 2E 0A 0A 38 66 35 63 63 36 34 33 30 36 
31 33 66 31 63 31 32 66 33 36 39 36 35 30 35 30 62 62 37 31 39 37 2E 7A 71 35 0A 0A 54 68 61 74 
20 69 73 20 61 6C 6C 20 49 20 63 61 6E 20 73 61 79 2E 20 49 20 6D 75 73 74 20 66 6C 65 65 21 20 
47 6F 6F 64 20 6C 75 63 6B 21 20 49 27 6C 6C 20 73 65 65 20 79 6F 75 20 6F 6E 20 74 68 65 20 6F 
74 68 65 72 20 73 69 64 65 2C 20 6D 79 20 66 72 69 65 6E 64 21 20 20 20 20 20 20 20 20 20 20 20